42414 98230 4.0 4.5
42640 103249 4.0 4.5
112365 100556 3.5 2.0
41267 111659 2.5 2.0
131904 92309 2.5 3.0
16189 102993 4.0 3.5
94976 107771 3.5 4.0
89402 96737 3.5 2.5
112418 109191 3.5 1.0
89299 112940 3.5 3.5
21391 85394 3.0 2.5
3797 79572 3.0 2.75
64615 103688 4.0 4.0
108028 100745 3.0 2.0
37062 93805 1.0 0.5
131904 81018 3.5 3.0
82418 79677 3.5 4.0
89402 108190 3.0 3.0
11250 88744 3.5 3.5
107278 80489 5.0 4.0
66401 99112 4.0 2.5
129583 98230 2.5 3.5
131965 104274 2.5 2.75
120572 114662 3.0 2.75
59414 80939 3.0 2.6666666666666665
16676 85025 2.5 2.5
107866 79132 4.0 3.0
98865 105429 4.0 4.5
64271 86190 2.5 3.5
87786 99795 3.0 3.5
105580 79895 3.0 2.25
51703 85401 2.0 2.8333333333333335
96541 92500 4.0 2.25
94976 96832 4.5 1.5
80771 93287 3.0 4.0
74966 112006 4.0 3.0
102342 80928 3.0 3.5
57716 76763 3.0 3.0
22901 80094 2.5 4.0
58426 96432 3.5 2.75
120575 106782 4.0 2.5
51703 99574 2.0 1.75
31181 101360 3.0 3.3333333333333335
35170 102802 4.0 3.5
27820 104076 3.0 3.375
12131 91542 3.5 2.5
21391 89087 3.5 3.0
57716 106916 4.0 2.5
38184 86835 3.0 3.0
42429 87232 2.5 1.5
74142 80693 2.5 2.25
31181 99728 4.0 3.6666666666666665
82202 101741 2.5 2.5
81487 94070 4.0 4.0
58426 77414 2.5 3.25
58426 115569 4.0 3.0
82 78499 5.0 2.0
138301 90603 4.0 4.5
72715 88380 1.5 1.5
969 111759 3.5 4.0
40618 87298 3.5 4.0
66401 94677 3.5 2.5
81487 116161 3.5 3.5
15701 109374 4.5 3.5
18706 82767 3.5 2.0
80479 113275 3.5 4.0
52479 103083 3.5 4.0
843 99149 2.0 1.0
5514 112556 3.0 1.5
32094 101577 2.0 4.0
81583 113225 3.0 2.5
49554 79860 3.0 4.5
18611 81562 4.0 3.0
131904 110586 2.5 3.5
79167 106782 3.5 2.5
40618 91976 3.5 3.25
98443 81562 4.0 3.0
58426 103249 3.0 2.75
50436 102993 3.5 3.5
96618 74156 4.0 3.5
57716 105197 3.5 0.5
36725 90600 3.5 3.0
28906 89102 2.5 4.0
57716 85412 2.0 3.5
131965 103042 4.5 3.0
66401 112175 3.0 3.1666666666666665
68026 91535 4.5 4.0
41638 92259 4.5 3.0
59414 80906 3.5 3.5
23180 92420 4.0 3.75
120575 101112 2.5 2.0
107278 87483 3.0 1.5
117158 77414 3.5 3.0
43384 107314 3.0 2.5
76959 85438 3.0 3.75
107278 85056 3.0 4.0
74142 88954 1.5 0.5
112418 116397 3.5 3.5
120575 104908 3.0 2.25
137031 86345 4.5 4.0
843 98122 1.0 4.0
81583 97752 3.0 3.0
42640 103228 2.5 4.5
97521 87306 4.0 3.5
82202 104881 2.5 2.5
71138 93270 3.5 1.5
110005 80463 3.0 4.0
27469 117109 5.0 4.0
46072 78088 2.5 4.0
31589 111375 3.5 2.0
98865 103279 5.0 3.0
108028 96737 2.0 3.0
59858 110102 5.0 4.0
70201 103624 3.5 3.5
18611 103141 2.0 1.0
36308 74530 2.5 3.5
57434 102407 4.5 4.0
27469 80969 3.5 0.5
86656 85025 2.5 4.5
9253 112006 5.0 4.666666666666667
131965 102720 2.0 3.0
25737 89039 3.5 5.0
50436 112818 2.5 3.5
114427 106022 4.5 3.25
62507 91529 4.0 4.5
18115 95105 4.0 4.0
13666 89904 4.0 3.0
131904 93324 3.5 3.1666666666666665
131904 106696 4.0 3.25
98865 87298 3.0 4.0
32094 105355 3.5 2.5
27482 97870 3.0 3.5
586 74115 2.5 4.0
120572 86345 4.5 3.5
79167 114180 3.0 3.0
13606 79720 3.5 2.5
19590 103727 2.5 4.5
28612 96821 4.5 2.0
41433 80860 2.5 4.0
131904 76093 3.5 4.0
109009 80241 3.0 3.5
89402 74450 2.5 3.25
127755 79132 4.0 3.5
31589 113348 2.0 3.5
120575 89804 3.5 2.5
42640 95873 4.0 3.0
98420 91974 4.0 3.0
27482 101895 4.0 3.5
22693 81847 3.0 4.0
125794 93598 3.0 3.9
6429 112852 3.0 2.75
27820 97225 2.5 1.5
74142 77364 0.5 0.5
76819 90439 4.0 0.5
87294 79132 4.0 3.5
108142 90350 4.0 3.1666666666666665
14506 74946 2.5 2.0
138280 97870 4.0 1.0
81959 102991 3.0 3.75
58426 117590 4.0 3.75
137277 97328 3.0 3.5
79531 88405 2.5 3.5
117158 94864 4.0 3.0
6429 114707 4.5 5.0
127121 81383 3.5 4.0
107640 93475 2.0 2.25
16676 91079 3.5 2.7
66401 84374 4.0 3.5
58426 81417 2.5 3.25
50567 94466 4.0 2.5
3797 79293 3.0 4.0
66401 91622 4.0 3.5
31181 81564 3.5 3.5
76959 84156 1.5 2.6666666666666665
3618 85438 4.0 2.5
86099 97306 4.0 2.5
101044 96079 3.5 2.5
19915 88810 4.5 3.5
12131 106002 3.0 3.0
10514 106011 4.0 3.5
44481 100383 2.0 2.5
126188 91094 3.5 4.5
59414 87921 1.0 3.0
98865 103137 3.0 4.5
102954 81564 3.0 5.0
77297 116823 3.0 4.0
108142 110127 3.5 3.5
108028 93510 3.0 2.5
4450 100302 3.0 2.0
63046 91886 4.0 4.0
16676 111375 2.0 2.6666666666666665
34882 74458 4.5 4.5
42228 113705 4.0 3.0
123754 77667 4.0 4.5
64110 93510 4.5 4.5
75270 117881 4.0 2.5
72834 90890 1.0 2.0
19590 94799 2.5 4.0
3031 79796 3.0 3.0
131904 90405 2.5 3.375
86529 118696 1.5 1.5
63555 109243 3.5 3.5
131904 80241 2.0 2.75
4450 101106 3.5 3.1666666666666665
11097 103384 3.5 4.5
42229 90469 2.5 2.0
88820 81417 2.5 2.5
3797 107406 2.5 4.0
11248 106491 4.0 1.5
18611 91542 3.0 3.5
31181 89774 3.5 3.25
82110 114935 3.5 4.0
8418 110110 3.5 4.0
123754 115824 4.5 4.0
103842 74789 2.5 4.0
128309 84954 2.5 2.5
27482 103541 4.0 2.5
28688 88744 3.5 2.5
49554 91077 4.0 4.0
131904 97936 3.0 2.7
66401 100159 3.0 3.75
42429 92665 3.5 2.75
28916 82202 1.0 3.5
131904 97024 3.5 3.0
16676 80615 3.0 3.0
52292 97393 4.5 2.5
130262 101525 4.0 4.0
101675 91529 4.0 4.5
843 99813 0.5 1.0
117158 91535 4.0 3.0
121930 90870 2.0 3.0
7036 91535 3.0 3.0
76959 95167 5.0 0.5
128309 99007 2.0 3.0
24143 111360 2.5 4.5
11248 102716 2.5 3.5
134156 106100 5.0 4.0
98420 85397 2.0 3.0
71138 112138 4.0 3.5
42229 95510 3.0 2.0
15701 78218 2.0 3.0
76972 89337 4.5 3.0
126623 93212 3.0 2.5
28860 114342 4.0 3.5
63880 112552 4.5 2.5
35460 96612 2.0 2.5
71138 91972 2.5 3.0
74142 97306 4.0 0.5
24952 78088 3.5 4.0
18300 90469 3.0 2.5
89299 97395 3.0 3.5
31181 83369 4.0 3.0
74142 100163 0.5 0.8333333333333334
134497 86644 3.5 3.0
31181 94777 2.5 3.5
120575 102194 4.0 1.5
27482 84374 3.0 3.5
89299 86332 3.0 3.75
12131 96917 2.5 3.3333333333333335
66401 104863 3.5 3.625
129583 86295 4.0 3.5
110706 79860 1.5 2.5
90618 118696 2.5 2.5
54075 112290 4.0 3.5
72956 106195 3.0 2.75
5514 106782 4.0 1.5
41669 113275 4.0 2.0
81583 105755 1.5 2.0
22901 93510 3.5 3.5
30737 99114 3.5 5.0
67185 82169 3.0 2.0
44172 101525 1.5 3.0
76959 74131 5.0 4.5
17877 111113 4.0 3.0
82418 85438 4.0 3.0
64060 92420 3.5 3.5
28688 80549 1.5 1.0
35331 119141 3.5 3.5
19566 99112 1.0 4.5
15701 97188 3.0 3.5
101044 78499 3.5 2.5
15701 88810 4.0 4.0
16189 81932 4.0 3.5
112415 96565 1.5 3.25
56847 108501 3.5 3.5
51703 97950 2.5 1.0
16667 104841 2.0 5.0
80034 85414 4.0 2.0
107278 89039 4.0 3.0
76959 96655 3.5 3.0
91176 104913 4.0 3.5
12131 104312 3.0 2.5
125794 80969 3.0 4.0
843 105197 2.5 1.25
40618 86892 3.0 3.5
74142 93831 1.0 3.5
12131 96815 2.5 2.75
46636 105429 4.5 4.0
131904 105355 3.5 3.1666666666666665
56847 99910 4.0 5.0
43384 87298 3.0 3.25
131904 100344 4.0 3.25
19590 77800 4.0 0.5
88820 81535 2.5 3.75
12131 88744 4.0 2.5
81583 88785 2.0 2.5
57434 107314 2.5 3.0
37253 80363 0.5 0.5
31181 102753 3.5 3.75
53853 89753 4.0 1.0
88820 74698 2.0 2.5
74142 97188 2.0 1.5
125726 74698 0.5 2.0
44172 96610 3.0 4.0
66401 97860 3.5 2.5
51703 77866 4.0 2.5
124431 80463 3.0 3.0
49075 86880 3.0 3.25
58426 81229 2.5 3.75
131438 108932 3.5 4.0
131904 93272 2.5 1.8333333333333333
28906 103253 2.5 3.5
130685 97188 2.0 4.0
120274 103042 4.0 3.5
35331 87306 4.5 5.0
37264 97921 4.0 4.0
40618 83506 3.5 3.5
66401 102123 3.5 2.0
83680 112804 5.0 4.0
99941 85774 4.0 4.5
74222 99917 4.0 0.75
68026 105954 4.0 3.75
104916 99795 3.0 3.5
128309 119141 3.5 2.0
70936 89745 1.0 2.0
120572 91485 3.5 4.0
74142 100083 0.5 5.0
66263 76077 4.0 4.0
74142 87485 1.0 1.3333333333333333
135595 80831 4.0 2.0
93669 113252 4.5 2.0
81182 97936 3.0 3.0
43384 81257 3.0 3.0
88820 83349 2.0 3.5
119048 89480 5.0 4.0
112418 93363 1.0 2.5
120572 86295 3.0 2.0
48568 78759 4.5 5.0
3397 80551 2.5 4.5
35170 96610 4.0 3.5
40077 81932 4.0 2.5
120575 91325 2.0 2.125
81583 87483 2.0 1.0
63880 94939 4.5 2.5
57166 85438 3.0 2.5
98420 104879 4.0 1.0
72257 87079 4.0 2.5
79167 91976 4.0 2.5
80989 100714 3.0 2.0
68026 78116 3.5 2.0
89402 80969 3.0 3.0
30507 89761 3.5 3.0
41267 94953 4.0 3.0
40917 91500 2.0 3.5
108028 102033 2.0 2.75
13666 77455 4.5 3.0
98206 97306 4.0 3.5
126623 111759 3.0 3.0
118877 85025 1.5 3.5
19066 103253 3.5 3.0
137838 84273 5.0 3.5
28860 100106 4.5 3.0
16676 106452 3.5 3.1666666666666665
60138 74944 3.5 3.0
63370 76077 3.0 3.5
128309 118924 3.0 2.5
81100 86911 4.0 4.0
105889 90343 3.0 4.5
125165 118696 4.0 3.0
74222 92420 3.5 2.5
83680 78039 3.0 3.5
66533 90624 2.5 4.5
66401 81639 2.0 4.0
132953 94867 4.0 4.0
131904 89629 3.0 3.1666666666666665
34882 89774 5.0 5.0
136054 90524 3.5 4.0
131904 110461 3.5 3.2142857142857144
129583 74789 3.5 3.0
40917 103253 4.0 3.5
31181 109578 3.5 4.0
71407 77561 3.0 4.0
43661 92048 3.5 3.5
41267 83506 3.5 2.875
104916 95167 3.0 3.75
43209 87520 4.0 3.0
120575 84696 3.0 3.5
51703 79796 3.0 1.75
59414 107314 2.0 3.25
120572 109374 4.5 3.5
64271 111364 3.0 4.0
49075 109157 2.5 3.25
53853 89302 2.0 3.0
112703 94478 3.5 3.0
137031 74458 3.5 3.5
120572 92309 3.5 3.6666666666666665
131965 94478 3.5 4.0
89299 105211 4.0 2.5
135071 98491 4.5 2.5
66455 87234 4.5 3.0
74142 114935 5.0 1.8333333333333333
130193 109157 3.0 3.5
65164 85414 2.5 4.5
40618 103883 3.0 2.0
119048 111362 4.0 4.5
7036 80463 4.5 1.0
113209 103253 3.5 2.0
34207 87869 4.0 0.5
24981 99149 4.5 4.0
43384 88129 3.0 3.0
29063 97832 3.5 3.5
100358 79091 3.0 4.0
128309 87304 3.0 2.5
22901 102194 4.5 3.5
12131 74789 2.5 2.0
108028 91529 3.5 2.25
103842 99114 5.0 4.0
51703 80463 3.5 0.5
42429 112421 3.0 4.0
11248 87405 3.5 3.0
67185 92938 2.5 2.0
33274 95058 3.5 3.5
58426 104076 2.5 2.75
22693 89900 4.0 2.0
89869 108190 4.0 3.5
105580 79720 2.0 2.0
133475 89118 5.0 1.0
40216 88405 2.5 4.0
43384 93723 1.5 2.3333333333333335
18611 80839 2.5 3.5
74142 93272 3.0 0.5
27482 83293 4.0 2.75
111818 110501 4.0 3.0
128309 83803 3.0 2.8333333333333335
132953 93443 4.0 4.0
116730 74789 3.0 2.5
48909 81817 4.5 3.0
131333 93510 4.5 2.5
15701 96655 4.5 3.5
97744 81083 3.5 2.5
52479 106072 3.0 3.5
35170 92008 4.0 3.0
25676 81834 3.0 2.5
131904 92008 3.0 2.875
82434 86295 3.5 2.0
58426 79572 3.0 3.5833333333333335
32899 104337 4.0 3.0
18611 85438 3.0 4.0
43384 99149 5.0 2.75
70201 84880 2.5 3.375
52760 81817 3.5 3.5
27820 93363 2.5 2.0
68026 81819 5.0 4.5
16676 96610 3.5 4.166666666666667
128309 79879 2.5 3.0
131904 112515 3.5 3.5
35460 93723 2.0 2.5
135765 93422 3.0 3.3333333333333335
71407 106782 5.0 4.0
63046 85412 3.5 3.5
35170 112515 4.0 4.0
127453 99114 3.5 2.5
135071 95441 3.0 3.0
23923 79702 4.0 3.0
34202 110611 3.5 3.1666666666666665
101725 115664 3.5 4.0
81583 78116 3.5 3.0
49075 92259 4.5 2.5
88820 103315 3.0 2.5
124453 91273 3.0 3.5
137277 102716 2.5 3.5
131333 80615 3.5 1.0
65409 111362 3.5 3.0
51703 104841 4.0 3.5
59414 89118 3.5 3.3333333333333335
108028 86880 2.0 4.25
41638 76077 3.0 3.25
34882 81845 4.5 3.0
77696 91273 3.0 3.0
63046 84374 2.5 3.5
135765 96832 3.5 3.5
16189 91630 3.5 3.5
131904 81564 3.5 3.125
31181 110718 3.0 3.0833333333333335
131904 102792 3.0 3.1666666666666665
57716 99750 3.0 2.0
89299 79132 4.5 3.5
92706 97311 3.0 4.5
78512 92210 4.5 3.6666666666666665
44172 111362 3.5 4.0
17877 90647 4.0 4.0
50436 86898 3.5 2.5
1734 118898 4.0 4.0
30248 94325 3.0 3.5
18611 113604 3.0 3.0
123641 110873 4.0 2.75
120575 110453 4.0 3.0
129583 90522 3.0 4.0
82434 80590 3.5 2.0
96618 112175 3.5 3.5
50436 109848 3.5 3.5
121169 109374 4.5 2.5
41267 89804 4.0 2.5
88820 83293 3.5 2.375
89299 80846 3.0 3.0
16824 82461 4.0 5.0
27482 104863 3.5 3.5
51703 90719 3.5 3.5
88463 95002 2.5 2.75
79531 84392 4.0 3.0
72863 90476 3.5 3.0
48816 86298 2.0 4.0
133684 100106 4.0 4.0
22693 76738 4.0 2.5
88870 78218 3.5 1.5
134144 84613 2.5 4.0
10443 86880 2.0 3.0
23190 80398 2.0 3.0
88820 102445 3.0 3.5
51703 96281 2.5 3.5
82434 115170 3.0 2.5
122514 87192 2.5 4.0
43384 94478 2.5 2.5
41267 87222 4.0 2.5
131904 94126 3.5 2.9166666666666665
134497 91658 3.5 1.5
29549 85401 3.5 2.5
41638 106487 4.5 2.75
51491 80860 3.5 3.0
54599 114060 3.5 4.0
89402 85414 4.0 2.5
42414 80860 4.5 4.0
42229 110297 1.5 1.8333333333333333
63046 97921 4.0 3.5
83081 87430 2.5 3.75
40216 106766 4.5 2.5
80034 89904 3.5 2.75
38184 85414 4.5 3.0
43209 85213 4.5 3.25
17877 100383 4.0 3.5
16676 90476 3.0 3.375
138301 84954 3.0 3.5
31181 78574 3.5 2.5
121930 94864 3.0 3.0
19566 77866 3.5 4.25
43661 83270 4.0 3.6666666666666665
127453 80860 3.0 3.0
35705 85007 3.5 3.5
42229 97742 1.5 2.3333333333333335
135828 102802 5.0 2.0
75270 119145 3.5 3.5
42229 91831 2.0 2.4166666666666665
64271 80489 4.0 3.5
67185 112582 4.0 2.5
81487 90645 3.5 4.0
12131 95207 3.0 2.5
83081 88954 2.5 4.0
62925 109848 3.0 4.0
10788 102125 3.5 3.5
64060 90439 3.5 2.5
35460 98491 3.0 3.0
23180 94959 4.0 3.5
11200 78467 3.5 3.0
41079 83976 4.0 3.5
16676 94469 3.0 3.125
105357 84775 4.5 2.5
49075 93805 2.0 3.5
41613 88140 3.5 4.0
132599 92681 3.0 1.0
99871 105844 3.5 5.0
34202 81817 2.5 3.0
3797 78633 3.0 2.5
103016 103228 4.5 4.0
120572 105197 4.0 3.0
51703 103335 4.0 3.0
130262 84942 0.5 4.0
123754 102819 4.5 3.5
79167 85510 3.5 3.5
59971 76093 4.5 4.0
14506 86880 3.0 1.0
3397 87232 3.0 3.0
57434 104908 3.0 3.75
43384 101070 2.5 3.5
4450 92938 1.0 3.0
131438 81385 3.5 4.5
112418 86548 4.0 2.0
130006 97306 3.5 3.5
57716 109895 2.0 3.0
31589 88405 4.0 3.5
137277 91658 4.0 4.0
120575 98054 2.0 2.75
102680 96969 1.0 3.0
18611 79224 3.0 1.0
49554 99992 3.0 3.0
110061 91199 4.0 3.5
101044 85131 3.0 3.5
74142 104879 3.0 0.5
23923 91483 4.0 3.0
37754 80693 3.0 2.5
23285 89388 2.0 3.25
128309 74450 2.5 3.0
57345 91658 2.0 4.5
17877 108949 3.5 3.5
74142 90866 1.0 0.5
76972 85056 2.0 4.0
120575 102481 3.0 0.5
88312 103444 3.0 3.0
41638 101112 2.5 3.0
11248 100163 3.0 1.5
41079 89759 4.0 3.5
35705 81591 4.5 3.0
70201 100498 3.0 3.5
120572 79592 3.0 5.0
49225 103606 4.5 3.25
23190 93840 3.5 2.75
24952 93363 3.5 4.5
42229 82459 3.5 1.75
12131 104218 2.0 3.0
76972 90888 3.0 4.0
108142 76175 3.0 3.0
129583 78039 3.0 3.5
83680 109483 3.0 3.0
98206 79224 0.5 3.0
77696 83349 3.5 4.5
74142 76175 0.5 1.0
24981 77837 3.5 4.5
44172 102880 3.0 3.0
64615 95167 4.0 4.0
57937 83134 5.0 5.0
16676 82169 3.0 3.8333333333333335
27482 104274 0.5 3.25
62925 100356 2.5 2.5
58426 93512 3.0 3.0
19566 95510 2.5 3.0
128562 79132 4.0 3.0
65409 102125 3.5 3.0
62925 96612 3.5 3.75
43661 75805 2.5 2.5
57716 96863 4.0 2.75
119017 93510 4.0 3.5
77696 79251 3.5 3.5
137277 108190 3.0 3.75
92992 84273 2.5 3.25
74360 96728 2.5 0.5
52292 112183 4.5 3.0
66401 94478 4.0 3.0
18706 95067 0.5 1.5
10514 80463 4.0 1.75
126623 106920 3.5 3.0
65409 81847 4.0 3.5
18611 87232 3.0 3.0
82418 93693 1.5 5.0
96618 110453 4.0 4.0
9253 103606 4.5 4.0
79167 81782 3.5 2.5
65409 102716 3.0 2.0
16676 91658 3.0 3.0
127453 80166 3.5 3.5
27482 81385 1.5 3.0
70201 101070 3.0 2.75
78253 89386 4.5 4.0
18138 79134 1.5 1.5
76972 88812 2.0 4.0
57937 103341 5.0 5.0
76819 89864 4.5 0.5
130827 103228 4.5 4.0
41638 90600 3.5 3.0
74142 88932 1.0 0.5
57716 118696 3.5 3.125
8418 115170 3.0 3.5
43209 93982 5.0 4.0
135765 79720 3.5 3.0
79531 89480 1.5 3.25
74142 95088 1.0 4.0
86529 116138 2.5 3.0
27469 79463 2.5 1.0
31181 101025 3.5 3.0
19566 106100 4.5 2.5
49208 81537 2.5 1.0
710 94959 4.5 3.5
86519 93766 3.0 4.0
59971 96488 4.5 4.0
130746 89745 4.0 5.0
52223 88380 0.5 4.0
68892 90576 2.5 2.0
18611 93326 3.5 3.5
76959 80551 3.0 0.5
120572 84772 2.5 3.5
40618 88127 3.5 2.8333333333333335
131904 106489 3.5 3.0
42228 87192 3.0 4.0
131904 97988 2.0 3.1666666666666665
136054 101360 4.0 4.0
31181 86833 3.5 3.5
138301 89804 4.0 3.5
40917 94777 3.5 3.5
120575 78105 4.0 2.5
55704 91035 4.5 4.5
59971 97923 3.5 4.5
64110 103372 5.0 4.5
32341 112804 3.5 3.0
37264 79824 3.0 3.75
96341 99114 4.0 5.0
103175 84942 3.0 3.5
89299 89904 4.0 3.5
123754 116138 4.0 4.0
51703 120635 3.0 2.5
3797 117590 3.0 4.0
135595 87483 4.0 2.0
131904 91808 4.0 3.2
15449 96501 4.0 4.25
133684 112421 3.5 3.5
107278 99106 2.0 1.0
21391 112316 3.0 3.1666666666666665
12270 92309 3.5 5.0
119757 112552 2.5 2.0
130746 102686 5.0 3.0
118106 115170 3.0 3.5
66401 109848 2.5 3.5
49554 78264 2.0 3.5
58426 115231 3.5 3.5
6175 92507 4.0 5.0
80989 99728 2.5 2.0
89299 113705 4.0 3.5
6429 102684 3.5 3.0
40618 104069 3.0 3.0
87786 81791 4.0 3.5
34207 94864 2.0 3.5
102680 93933 5.0 2.0
128095 87192 3.5 1.0
128095 80454 3.5 2.1666666666666665
34882 102407 3.5 5.0
120572 102588 4.5 3.5
42640 93840 3.0 3.0
130193 91690 3.0 3.0
18900 94959 4.0 3.0
59971 104283 4.0 5.0
120572 88746 3.0 2.75
138301 105769 3.5 1.0
124437 100556 4.0 2.5
37051 104374 4.0 3.5
39969 92048 3.5 3.0
10514 76077 1.0 1.5
28688 116797 3.5 4.0
46555 109487 3.0 4.0
43384 90528 4.5 4.25
119757 89472 2.5 2.5
38184 97304 4.0 3.0
31181 92422 3.5 3.5
37062 117533 1.0 0.5
137301 108188 3.0 3.0
107640 84696 2.5 2.0
117158 91831 2.5 3.25
108142 87520 2.0 4.0
71138 91483 2.5 4.0
76959 90603 0.5 1.6666666666666667
37754 79132 4.5 0.5
22167 91079 5.0 4.5
74222 76175 2.0 2.5
79457 85211 2.0 2.5
910 99415 3.5 3.5
117158 93766 3.0 3.5
42229 84775 2.5 2.1666666666666665
63046 103048 3.0 3.5
44341 82765 4.0 3.75
98865 87304 4.5 4.5
33803 86332 4.0 4.5
66401 118696 3.5 3.5
81583 106920 3.5 1.5
66401 112940 3.0 4.0
59414 84152 3.0 2.25
65431 88140 4.0 3.5
26193 76077 2.5 3.5
120575 87483 1.5 0.75
33575 80026 1.5 3.0
102954 86833 3.5 4.5
51703 99728 2.5 3.5
52645 98239 3.5 3.5
51703 102686 3.5 4.0
51703 91128 2.0 3.0
119048 95510 3.0 0.5
108028 89090 2.0 2.5
79570 87869 4.0 3.5
129583 94813 3.5 3.5
58426 74580 1.0 3.5
120575 98230 4.0 3.125
84428 106782 3.5 4.0
76959 105593 0.5 3.0
38184 112556 4.0 3.0
120575 112497 1.0 2.4
50441 119141 4.0 4.5
27469 79572 3.0 2.5
44481 106916 4.0 4.0
74142 110771 0.5 1.75
37253 106766 0.5 0.5
70201 101895 3.5 2.5
4089 101137 4.5 4.5
15701 114670 1.0 3.5
55765 90376 4.5 3.5
36725 77414 3.5 4.25
120572 86487 3.5 2.25
89799 102684 3.0 3.5
39969 114935 4.5 2.0
11871 99114 4.0 2.5
44613 86355 1.5 2.5
66401 110461 1.5 3.3
18115 85414 4.0 2.0
127531 89369 3.5 3.25
53531 84696 2.5 3.5
24981 76093 3.5 4.0
68878 83293 3.5 4.0
76972 89030 3.5 4.0
87786 82926 3.0 4.0
70936 88235 4.0 1.0
58426 86548 3.5 3.5
21391 111759 4.0 2.0
117158 79224 3.5 3.75
136262 84613 4.0 3.5
58885 86817 4.0 3.5
135987 87232 3.5 5.0
75843 99957 3.0 2.5
40917 101864 3.0 3.5
83554 97957 2.0 2.5
138301 99574 3.5 3.75
131904 99114 3.5 3.0
4450 79428 3.5 2.0
48498 79428 2.0 5.0
117158 96811 5.0 3.0
31181 74851 3.0 3.5
49075 108932 3.0 3.5
79167 104879 4.0 3.5
94750 88163 4.5 0.5
61050 73929 3.0 5.0
27482 111622 3.5 3.0
57716 95761 3.5 2.8333333333333335
42229 84152 3.5 1.75
86529 96612 3.5 1.0
57716 84615 2.5 2.5
27482 112788 1.0 3.0
61728 84942 3.5 5.0
129338 101281 3.5 3.0
15701 86835 2.5 3.0
43661 81804 4.0 3.0
43209 93831 3.0 3.5
11250 106487 3.0 3.75
41613 89774 4.0 4.0
6429 103772 0.5 5.0
57716 80775 2.5 1.0
52292 96150 4.0 3.25
57716 89753 4.0 4.0
32094 73929 3.0 3.5
11871 94325 3.0 3.0
76959 104879 0.5 0.5
131904 81132 3.5 3.1666666666666665
125794 81782 3.5 3.0
12131 104211 3.0 2.5
103645 97752 5.0 3.0
42905 103755 4.0 2.5
26202 108928 3.5 1.5
81583 83374 3.5 2.0
107278 84944 4.0 3.0
15701 81791 2.0 3.3333333333333335
89402 105351 3.0 3.5
128309 108932 2.5 2.5
80097 88932 2.5 2.5
88820 103228 3.0 2.0
130193 78574 3.5 2.0
11200 98361 4.5 3.0
30507 88672 3.0 3.0
17877 102407 3.5 3.0
108028 81191 3.0 2.5
12100 91485 3.5 4.0
3163 103341 3.5 3.0
88820 101360 3.0 1.5
24952 85372 3.0 4.0
63046 97057 3.0 3.0
130006 94780 4.0 4.5
88870 99114 3.5 2.0
28906 110809 3.0 3.75
98865 90474 4.0 3.75
110005 110771 4.0 4.5
57434 92535 4.0 3.5
30507 86880 3.0 4.0
20494 116823 5.0 3.5
82418 97988 3.5 3.0
51703 93982 2.5 1.0
66401 80775 4.5 2.625
137277 112897 3.0 3.0
89299 109848 4.0 3.5
81487 85412 3.5 3.5
112418 81845 3.0 3.5
89299 104863 2.5 2.5
59414 93790 4.0 3.5
12131 83086 2.0 3.0
74142 73321 0.5 0.5
134525 81641 4.0 5.0
129583 80860 3.5 4.5
107640 94799 3.5 3.5
57716 97024 3.5 1.5
103016 111384 3.5 4.0
108028 76093 2.5 2.5
29549 86190 2.5 4.0
46072 81845 4.0 4.0
107331 80469 3.5 4.0
47439 101942 4.0 4.0
21301 80693 4.0 2.0
32094 119141 2.5 2.0
50566 101973 4.5 3.5
62925 115569 4.0 2.5
120575 108689 2.5 2.0
40779 93563 3.0 2.5
88820 97701 1.5 1.5
66401 83480 3.5 2.5
57716 100440 2.5 3.0
101044 89840 3.0 2.5
30507 103341 2.5 2.5
94583 94070 5.0 4.0
52292 79702 3.0 4.0
107278 87867 2.0 2.3333333333333335
106004 90746 4.0 2.0
137277 88129 4.0 3.5
128309 95873 3.0 2.0
44384 82242 3.5 3.5
64060 114935 4.0 3.0
65401 88405 3.5 4.0
45919 97172 3.5 0.5
131438 98056 3.0 3.0
57434 96588 3.5 1.0
58426 96110 3.0 3.0
30778 96832 2.0 1.5
41613 83293 4.5 4.0
79531 86911 1.5 2.25
58806 111362 5.0 5.0
39969 78039 4.0 3.0
50566 97328 3.5 2.0
43209 84395 4.0 4.0
125794 98585 3.5 3.5
51703 89087 4.0 3.5
109491 113348 3.5 4.0
30204 109569 3.0 3.5
105357 105197 4.5 3.0
38184 99112 3.5 3.5
131904 90647 3.0 3.0
31181 92198 4.0 3.5
98206 104243 3.5 2.5
128309 103624 2.5 2.75
74142 87483 0.5 0.5
20180 90647 3.0 2.0
40618 89753 3.5 3.5
79167 119145 3.5 3.25
102532 88672 3.5 4.0
101044 79588 3.0 2.75
89690 103554 3.0 3.5
22901 94896 4.0 3.5
18611 100163 3.5 4.0
137277 84696 3.0 3.0
58426 81158 3.5 2.75
96341 101529 4.5 3.75
120133 79132 4.0 4.0
21391 103042 3.0 2.0
50436 109578 4.0 3.5
58426 112175 3.0 3.25
12131 91978 3.0 2.5
64918 76293 3.0 3.5
88820 80586 3.5 2.0
16189 77206 3.5 3.0
48568 119141 5.0 4.5
34202 87869 3.0 3.5
68026 103027 3.5 3.0
44963 81845 4.0 3.5
89299 104361 2.5 4.0
130781 76093 5.0 3.5
843 101362 2.0 3.0
74142 74685 1.0 1.25
130746 91500 5.0 5.0
64060 101761 2.0 3.0
33323 108928 3.0 3.0
19566 90870 2.0 2.0
89799 110873 3.0 3.5
76972 83976 4.0 4.0
77696 91658 4.0 2.5
64615 93510 4.0 4.0
37754 89745 4.0 4.0
77999 102993 3.0 4.0
101044 114439 3.0 3.0
137277 73929 2.5 3.5
16676 76077 3.5 4.0
66263 117176 4.0 2.0
86529 106062 2.5 3.75
42229 88108 2.0 2.6666666666666665
56847 108188 2.5 3.5
66533 95804 3.0 3.8
43661 81725 3.5 3.5
64060 86487 4.0 4.0
131904 74685 3.0 3.0
18115 103253 3.0 0.5
44481 112788 3.0 3.5
11200 88356 3.5 3.0
134773 82534 2.5 3.5
137277 98243 3.0 4.5
77297 78772 3.0 4.0
12131 97306 3.0 3.5
57727 95804 3.0 2.7142857142857144
7036 87869 3.0 2.0
113181 84414 1.5 4.0
51703 106489 4.0 3.25
72715 74115 1.5 3.5
49554 106487 4.0 3.5
114406 84942 1.5 2.0
137277 96964 3.5 3.0
101044 112183 2.5 2.5
51703 82499 2.5 3.0
52292 104879 4.0 3.5
108187 89804 3.5 3.5
123754 76093 4.0 5.0
57716 83525 2.0 2.3333333333333335
79531 103055 2.0 4.0
42414 95088 4.0 4.0
54465 102084 3.5 3.5
120575 82499 2.5 1.5
16676 81385 2.5 2.8333333333333335
31181 99007 4.0 3.5
82434 87529 2.5 1.5
27469 95873 3.0 4.0
32686 101296 1.0 3.5
26202 114180 3.0 1.5
76972 77421 4.5 4.0
129802 95761 3.0 3.0
87786 105197 3.0 3.0
17877 98122 4.5 3.5
80034 89745 4.0 2.5
60138 92422 3.0 3.0
131904 114552 3.5 3.0
119757 106489 3.0 3.0
128233 86332 4.5 4.0
131904 83132 3.5 3.0
120572 86781 4.0 3.1666666666666665
82418 101112 3.5 3.0
125794 81817 4.5 3.1666666666666665
77696 97921 4.0 3.5
3797 90600 4.0 2.5
47439 99795 5.0 4.166666666666667
42229 110407 1.5 1.875
81182 77629 4.5 2.25
110367 110453 3.5 4.5
131333 84613 1.5 1.0
969 79091 4.0 4.0
7036 87079 3.0 1.0
56847 104913 4.5 4.0
18611 111364 4.0 3.0
33575 93363 3.5 3.5
98865 97395 3.5 2.875
43384 95441 1.0 0.5
43384 104906 3.0 2.0
12131 74458 3.5 3.5
11517 80026 1.5 2.5
30626 80463 2.5 2.0
107256 86882 0.5 4.0
134497 95875 2.5 3.0
31181 118900 3.5 2.25
59414 111529 4.0 3.5
120575 99117 0.5 0.5
63046 110445 4.0 3.6
18706 91658 3.0 3.5
57716 93422 2.0 2.5
56847 109072 4.0 4.0
131438 82242 4.0 4.5
58184 80860 3.5 3.0
82434 91673 3.0 2.0
130459 96728 3.0 3.0
107278 95309 5.0 1.0
120609 84273 4.0 4.0
56847 113278 3.0 4.0
63880 82244 3.0 3.0
68026 89864 5.0 3.0
79167 94864 4.0 3.5
84151 95207 3.0 3.0
96341 78499 4.0 2.5
81583 90746 3.5 2.0
28688 95488 1.5 3.5
74142 87869 4.0 0.5
90084 83827 5.0 2.5
42229 96861 2.5 1.5
18706 115569 2.0 3.0
131438 96488 4.0 4.5
76972 91529 4.5 3.5
120575 109374 3.5 0.5
34202 93512 3.0 1.5
60138 97957 3.0 3.5
101044 93265 3.0 4.0
82434 105197 3.5 3.0
58426 85007 3.5 3.0
51703 86293 3.5 2.0
71326 104881 2.5 2.0
91200 93265 3.5 3.5
80989 77561 3.5 0.5
131333 74324 0.5 2.0
76959 103755 3.0 0.5
70201 105844 3.5 3.5
33323 97936 3.5 3.5
52292 81591 3.0 3.5
107278 101142 4.0 2.0
4281 80489 3.5 0.5
10514 104736 1.0 3.0
112365 99795 2.5 3.0
127531 79293 3.5 3.5
51703 88235 3.0 2.0
71330 99114 4.5 3.5
63046 104211 3.5 2.5
57727 85397 2.5 2.5
18611 92507 3.5 2.5
86529 103141 2.0 4.5
9720 112852 4.0 1.5
98865 80862 3.5 3.5
119757 99574 3.5 4.0
32094 86142 4.0 3.5
43246 86578 5.0 3.0
127531 80549 3.0 3.5
117158 93297 4.0 2.75
45039 101864 3.0 2.0
28860 102194 3.5 5.0
52479 95939 4.0 3.5
41267 85412 3.5 3.5
74142 107406 5.0 0.75
122058 111360 1.5 2.5
42640 106438 4.5 2.0
7036 89085 4.0 1.5
119757 90645 4.0 1.5
98865 102123 3.0 4.5
74142 98083 4.0 2.375
106989 81845 3.5 3.5
134497 106002 4.0 3.5
49208 81819 4.5 2.5
7036 89759 3.5 1.5
92499 97752 4.5 3.75
22901 93831 3.0 4.0
53853 86817 2.0 2.0
63046 84152 4.0 4.0
86529 106002 1.5 4.5
133475 89039 5.0 1.0
50436 112804 4.5 3.5
35360 86295 3.0 3.0
59414 98193 3.5 3.25
37264 103444 2.0 3.5
93447 90576 3.0 1.0
18115 96281 4.5 3.0
119048 96863 4.0 4.0
18900 91529 4.5 3.0
13606 88672 3.0 3.5
131904 81591 3.5 3.0
1048 84152 4.0 4.0
74142 91831 0.5 1.9
34882 79132 5.0 5.0
104916 77629 3.5 2.75
11248 109850 3.5 3.0
137277 81229 3.5 3.5
73026 111759 3.5 3.0
42429 96861 2.0 2.5
31181 84374 2.5 3.5
61923 113345 4.0 2.5
31181 81834 3.5 4.0
116317 77665 0.5 4.5
12270 103659 2.5 3.5
66401 95207 3.5 3.5
30626 81140 3.5 3.5
41891 85412 4.0 5.0
41638 78499 5.0 2.5
63880 77455 4.0 3.0
13955 94266 1.5 2.75
63046 81784 3.0 4.0
22901 90600 4.0 4.5
28612 99005 3.5 5.0
64615 84950 4.0 4.0
22901 89028 3.5 5.0
67477 88468 1.5 2.0
126994 97172 4.0 3.0
110005 103253 4.0 4.25
11761 86578 4.0 4.0
42229 79428 2.0 1.5
73202 101529 4.0 3.0
35208 96917 2.5 2.0
130193 111921 3.5 3.5
128309 79588 2.0 2.5
42429 87869 2.0 2.0
80034 97938 4.0 3.5
58426 81791 3.5 3.0
35331 85025 4.0 3.5
23180 98243 3.0 2.0
4450 90405 4.0 2.5
7648 97393 5.0 5.0
131904 97225 3.0 3.5
57716 74916 3.0 1.75
57716 84392 3.0 2.0
16676 91535 3.0 3.25
127755 85414 4.0 3.5
38184 75985 3.5 3.5
101675 86882 3.5 4.5
49208 107980 3.0 1.5
18115 91869 5.0 1.5
108028 87298 3.0 3.75
70201 98361 3.0 2.5
39926 89039 3.5 3.0
34576 80489 3.5 3.0
135765 83613 3.0 3.5
74142 102060 3.0 1.7857142857142858
15580 93721 4.5 4.0
19590 97324 3.0 4.5
35460 94130 3.0 3.0
20180 93790 1.0 3.1666666666666665
26763 80489 3.0 4.0
51703 95543 2.0 2.5
14506 100083 1.5 2.0
125794 81845 5.0 4.5
9410 74789 1.5 4.0
70201 81385 3.0 3.0
80951 103249 4.0 4.0
63119 74532 3.5 4.0
8601 99468 3.5 3.5
81487 99917 2.0 3.5
120575 85025 3.0 0.75
137838 89759 4.0 4.0
18611 82461 4.0 1.5
109491 94018 3.5 3.5
129583 104339 4.0 4.5
137277 89386 3.5 2.8333333333333335
68892 102819 2.5 2.0
43384 90428 3.5 2.5
34202 89804 3.5 2.625
66401 90717 3.5 3.5
57727 88125 3.0 3.5
137277 85510 2.5 3.0
44086 93510 5.0 2.0
70201 98239 3.0 3.125
43384 82767 4.0 3.5
43384 87430 3.5 2.5
128309 105585 2.5 2.0
112242 91500 3.5 4.0
120575 96737 3.0 3.0
46555 86911 2.5 4.0
129583 99149 3.0 3.5
31181 114342 4.5 2.8333333333333335
26193 86059 3.0 2.75
59414 112727 3.0 2.5
57716 97172 2.0 1.0
15701 95058 2.0 4.5
65409 77866 3.0 4.0
51978 80489 3.5 4.0
43661 118898 3.5 3.5
58426 88163 3.5 1.0
40618 88515 2.5 1.5
66401 83349 2.5 2.75
6429 96490 1.0 0.5
89402 82461 3.0 3.0
59414 99741 3.5 3.5
6429 111364 2.5 3.0
47589 81847 4.0 3.5
16676 94677 2.0 3.25
36308 102407 2.5 3.5
31181 104441 3.0 3.6666666666666665
62507 97921 3.5 4.5
54465 96917 3.0 4.0
50436 101360 4.0 3.5
16676 112290 2.0 3.3333333333333335
98206 94974 3.5 2.625
58426 100436 4.5 3.1666666666666665
57434 112727 0.5 3.5
101044 81591 3.0 2.5
10514 85397 2.0 3.5
51703 101973 3.5 1.0
120575 96490 3.0 2.0
27399 114552 2.5 2.25
28688 94677 2.0 1.0
131904 78574 3.5 3.0
16676 83270 3.5 3.75
18611 84392 3.0 4.0
40618 104913 4.0 3.5
70936 95583 4.0 1.0
75270 102819 4.0 3.5
41267 84615 3.5 3.0
59414 80572 2.0 3.1666666666666665
19284 85414 4.0 5.0
101044 110453 3.5 3.0
66401 116977 3.5 3.75
137200 103669 3.5 3.5
42429 74450 2.0 3.0
131904 108190 3.0 2.8333333333333335
56961 88810 5.0 3.0
3031 80615 2.5 3.0
89299 91077 2.5 3.0
66263 115664 3.5 3.0
44481 85412 3.0 4.0
137277 78469 3.0 3.5
18300 82461 3.5 4.0
50436 97785 3.0 3.25
121930 86298 3.0 4.0
93447 110771 4.5 1.0
15701 113780 4.0 3.3
18138 77798 2.0 1.5
133475 91690 5.0 4.5
80034 99996 4.0 1.5
97744 73319 3.5 3.0
130193 79293 3.0 3.0
101044 87079 2.5 3.5
51703 105844 3.5 2.5
59971 95761 0.5 3.0
40618 98369 3.0 3.75
96618 80906 4.0 3.5
70887 106642 3.5 1.5
137277 94985 3.0 3.25
70201 98154 3.5 3.5
99871 96488 3.5 4.0
5954 106489 4.5 3.0
34202 96150 3.0 3.1666666666666665
34202 77800 3.5 2.5
131904 104337 3.5 3.0
843 105213 4.0 5.0
83081 106540 3.5 3.5
62925 89305 2.5 2.5
98865 96563 3.5 3.5
73026 79132 3.0 3.0
120575 99910 2.5 1.75
37754 87205 3.0 3.5
86529 106916 1.5 3.0
138301 111364 3.5 3.0
17040 79588 3.5 2.5
10514 79553 3.5 1.5
131904 84395 2.5 3.125
44963 88810 4.0 3.5
53275 79553 3.5 4.0
128309 77837 2.0 2.6666666666666665
48498 90524 5.0 5.0
41273 88129 4.5 4.5
76112 83480 4.0 4.0
77696 98239 2.5 3.75
21891 89085 3.0 1.0
136946 90439 4.5 3.0
43661 87869 2.5 3.5
16676 92264 2.5 3.5
18138 74916 3.5 4.0
82418 99910 2.0 4.0
128233 89745 4.5 4.0
51703 94841 2.0 2.6666666666666665
74966 117887 3.0 3.0
127531 96610 3.5 3.5
9720 77561 2.5 3.0
44172 97957 2.5 2.5
137031 119139 3.5 3.75
101044 92391 2.0 3.25
12064 104074 1.0 4.0
66401 80166 3.5 2.0
32094 106062 3.5 2.5
28860 105593 4.0 4.0
62925 82534 2.5 2.3333333333333335
53275 103384 4.0 4.5
30688 74789 1.5 3.0
67185 77866 2.5 2.0
119017 79895 3.5 3.5
72863 97936 3.5 2.0
11200 103335 4.5 4.0
42228 83506 1.0 2.5
71458 76738 5.0 3.5
125794 110453 3.5 3.25
125794 102194 4.0 4.0
117158 92008 3.0 3.0
118848 91658 3.5 3.5
19066 97933 2.5 3.0
110005 77206 4.0 4.5
31181 74156 3.5 2.5
19284 103235 5.0 3.0
6233 79702 4.0 1.5
114427 96488 4.5 4.5
71138 103624 3.0 3.5
48498 82152 5.0 5.0
82202 101296 2.0 2.75
3163 77629 4.0 2.0
63880 102903 3.0 4.0
37253 105585 5.0 0.5
130459 97923 3.0 3.0
43209 78772 1.5 4.5
63046 89864 4.0 3.75
42096 90374 3.0 2.0
125165 101112 2.5 3.0
17877 95510 4.5 3.5
136262 80222 3.0 2.5
74142 88672 1.0 0.5
101044 96693 3.0 3.0
22901 81156 4.0 3.75
51703 96917 2.0 3.0
40216 85007 3.0 3.0
89212 88699 3.0 4.0
102497 89118 4.0 4.0
128309 87192 3.0 2.5
843 87867 1.0 2.5
79531 96588 3.0 2.0
66401 102880 3.5 2.8333333333333335
41638 93980 2.5 3.3333333333333335
82418 111362 4.0 4.5
99871 96655 3.5 3.0
82418 90266 4.0 2.5
64615 93498 4.0 4.0
39926 114795 3.5 3.5
74142 86644 1.0 0.5
18115 106072 4.0 3.0
128309 105355 3.0 2.5
79531 84950 2.0 4.0
76972 86911 3.0 4.5
125794 86190 3.5 2.75
57727 96964 3.0 2.5
31573 112552 5.0 4.0
51703 102716 3.0 1.0
28860 99468 3.5 4.0
43384 102481 2.5 2.5
87514 82152 3.5 2.0
38184 112727 2.5 3.6666666666666665
138280 111759 4.5 3.0
28906 90947 3.0 3.0
17877 96610 3.5 3.0
61728 101142 3.5 2.0
23190 87430 3.5 3.0
10514 81847 4.0 3.0
138301 80572 4.0 3.0
66263 95307 3.5 3.5
121930 81516 2.0 3.0
34202 118930 3.5 3.0
66263 109042 3.5 2.5
86519 93420 3.5 3.5
41273 78574 4.0 2.0
102680 82173 5.0 4.0
28222 78469 4.0 4.5
43384 81385 3.0 2.8333333333333335
18706 74916 3.5 3.0
110005 80222 3.0 4.0
116287 112623 3.5 3.0
128309 104339 3.0 2.5
33575 93954 3.0 3.5
138164 93510 3.0 4.5
50436 97860 3.5 2.5
98206 77364 2.0 3.0
51703 74916 2.0 2.5
91200 81845 5.0 1.0
119048 79720 5.0 3.0
51703 96590 2.0 2.25
116361 79132 4.0 2.5
10514 104218 0.5 2.5
76959 97752 2.0 0.5
50436 94405 5.0 3.3333333333333335
131438 96728 2.0 2.0
120575 77667 1.0 4.0
137277 114265 3.0 3.0
28688 82202 1.0 4.0
120575 111659 2.5 0.5
80989 97304 4.0 0.5
7036 91630 3.5 3.0
50808 85414 5.0 3.5
111818 104879 5.0 3.0
31181 99910 2.5 3.5
54465 102125 4.0 3.5
44172 100450 3.5 2.8333333333333335
53853 78517 2.5 3.0
11248 90888 4.0 3.0
26193 112497 2.0 4.0
41638 91542 4.5 3.0
101044 82459 4.0 2.75
18611 103055 2.0 3.5
89299 93840 2.0 1.0
128233 84944 4.0 3.5
43209 85056 3.0 3.5
76959 92694 4.0 2.5
23190 106491 3.0 3.0
66263 106916 4.5 4.0
47439 90531 4.0 4.0
129583 80219 4.0 3.5
43384 81819 4.5 3.5
26835 83086 2.5 3.0
131904 85131 2.0 4.0
105506 94969 0.5 2.0
55628 98809 1.0 4.0
79457 74450 3.0 2.5
59414 118900 3.5 3.3333333333333335
123754 110110 4.5 4.125
30626 91529 3.5 3.0
73026 89804 3.0 3.0
16189 111795 4.0 3.1666666666666665
82418 89759 4.5 3.5
11248 103606 3.5 3.0
76112 97785 3.0 3.75
136054 83369 4.0 3.5
42429 86817 1.5 1.5
101044 104374 4.5 3.0
98206 90888 3.5 2.0
99871 103483 5.0 3.3333333333333335
18611 94864 3.0 3.5
15701 112515 3.5 3.0
18115 94266 2.0 0.5
126623 91902 3.0 3.25
44172 118702 3.5 3.0
78615 78105 3.5 3.0
106989 99007 3.5 3.5
14506 102716 3.5 2.0
57716 86190 4.0 4.5
108028 96829 4.0 2.5
70201 106002 3.0 2.5
81114 106918 2.0 1.0
81583 101529 2.0 2.0
131333 88879 1.0 2.0
45039 104245 2.0 5.0
39969 85438 4.0 2.0
23190 91976 3.0 3.5
56603 103883 3.0 4.0
74142 95761 0.5 0.5
76959 89090 4.0 4.0
131904 99149 3.0 3.0
104916 105037 2.0 3.5
66533 85414 3.0 3.0
10514 112556 4.5 3.0
22901 90746 3.0 3.5
112418 97643 3.0 2.5
106004 95875 4.0 2.0
101675 104906 4.5 3.5
89299 78116 4.0 3.5
60138 95720 3.0 3.0
63046 101070 4.0 4.0
14081 91500 3.5 1.0
82202 103335 3.0 4.0
125794 90405 3.0 3.5
57727 88129 3.5 3.0
121930 87529 2.5 2.5
86529 89102 2.5 2.1
41638 90057 3.0 3.0
74142 77667 1.0 1.5
98206 84954 3.5 2.0
138166 91485 3.5 3.5
109491 111249 3.5 3.5
12131 86332 3.0 2.5
23333 97936 3.5 3.5
90773 91529 4.0 4.0
64060 91134 3.0 3.5
79447 81932 3.0 3.5
28688 110591 4.0 1.75
12131 96448 2.5 2.7
16676 94777 3.5 3.0
71330 103659 4.0 4.0
102680 89761 2.0 3.0
127453 98961 2.0 2.75
59414 105954 3.0 3.25
15701 97744 3.5 3.125
57445 81949 4.0 4.5
79531 90717 2.5 3.25
125794 89753 3.5 3.5
843 81845 4.0 1.0
57716 111360 4.0 3.75
843 99912 1.0 1.0
6429 104457 4.5 5.0
15758 83270 4.5 3.0
51703 100326 1.0 1.6666666666666667
28688 79293 1.5 2.5
32094 110968 2.5 3.25
79167 87485 3.0 2.5
117158 81949 3.5 3.0
66263 112556 3.5 3.0
50436 102753 3.5 3.5
53853 81847 3.0 4.0
56847 111659 4.0 4.0
843 93287 1.0 5.0
43661 118900 3.5 3.25
37051 87483 3.5 3.5
65401 107348 3.0 4.0
71330 95167 4.0 3.5
65409 84980 3.0 3.5
67881 82202 2.5 3.0
56847 76251 4.5 3.5
41638 103606 3.5 2.75
103842 103980 3.5 5.0
58426 90430 4.0 3.0
26193 95135 3.5 3.5
48498 82169 5.0 5.0
51491 97921 3.5 2.5
104916 91483 2.0 2.6666666666666665
12131 98296 3.0 2.5
62920 100507 3.5 4.0
129583 88954 3.5 3.5
18611 103249 4.0 2.0
42229 87192 2.0 1.5
843 113378 2.0 1.0
43209 78499 4.0 2.0
68026 80463 5.0 4.0
64615 97311 4.0 4.0
81182 96861 2.5 5.0
98865 91500 4.0 4.0
90618 87306 2.0 2.5
40779 116823 3.0 3.0
70201 83349 3.0 3.25
21391 86898 2.0 3.0
52479 85510 2.5 3.5
63880 117109 4.0 4.0
28688 87304 3.5 2.5
130193 83827 3.0 3.0
88820 88744 3.0 2.5
37754 95720 2.0 2.5
51978 103372 4.0 4.0
58426 91474 3.0 2.75
42640 86833 3.5 4.5
82202 76093 3.0 3.5
111827 111743 4.0 2.0
117007 116799 4.0 3.0
59414 83369 3.5 3.5
110005 105844 5.0 1.5
66533 86892 4.0 3.0
118106 78679 3.0 3.0
42429 107406 3.5 2.0
35208 87028 1.5 0.5
89799 81845 3.5 2.5
136946 89840 4.0 3.0
39969 90471 3.5 3.3333333333333335
107640 105844 4.0 2.0
102342 100436 4.0 3.5
49075 84414 3.5 3.75
86529 99149 3.0 1.5
80034 90866 3.5 3.5
81487 105954 3.5 3.5
70201 106889 4.0 3.0
83680 103048 5.0 3.0
20180 91094 3.5 3.5
15701 88118 3.0 4.0
18138 81156 3.0 1.0
43384 100302 3.0 2.0
138301 95058 3.5 3.75
46555 94864 0.5 4.0
66115 83478 0.5 0.6666666666666666
128309 95058 1.5 2.5
77696 100745 4.5 2.75
42229 83086 3.0 1.5
43384 104881 3.0 1.75
13487 101076 3.0 4.0
56847 110295 1.0 2.0
74222 89753 4.0 2.5
81583 90890 2.0 1.5
42414 96456 4.0 4.166666666666667
65401 99741 3.5 3.0
27482 82767 3.0 3.5
59414 97673 5.0 3.0
10514 112138 3.5 2.5
134593 92904 4.0 3.5
41267 101739 2.5 2.25
57716 104339 2.5 2.0
136428 97752 2.5 3.5
131904 105468 3.0 3.0
52479 98296 3.5 3.75
108187 107406 2.0 2.0
96155 76293 5.0 3.0
128309 104841 3.0 2.5
10514 84414 3.5 2.5
79167 112556 4.0 2.5
80771 78499 5.0 3.5
24952 83976 4.0 3.5
131438 93855 3.5 5.0
120575 92264 2.0 0.75
2208 87430 3.0 3.0
6429 93164 3.5 3.5
137031 114662 4.0 4.0
59414 92904 4.0 2.75
49554 108945 3.0 4.0
39969 111743 3.5 2.25
128309 105835 2.0 3.0
131904 98056 3.5 3.1666666666666665
44481 78105 3.5 3.5
71467 88140 3.5 3.0
99093 85025 2.5 2.5
118106 106438 4.0 3.0
89299 105213 3.5 3.25
120572 111921 4.0 3.0
123049 84273 4.5 3.75
61923 117887 3.0 2.25
42229 109569 3.0 2.0
126623 90474 3.5 3.25
11250 91529 3.5 3.25
88805 103137 4.0 3.5
113677 114007 3.5 3.0
135595 96079 5.0 2.5
80325 106030 3.0 3.0
41267 85780 2.5 2.75
9579 97836 3.0 3.0
86529 94931 1.5 2.5
52479 101137 3.5 2.25
108028 111659 1.5 3.0
22697 86911 3.5 3.5
71330 101864 4.0 3.5
137200 107348 3.5 4.0
27482 115149 3.0 2.5
58184 114713 0.5 0.75
18611 114180 4.0 2.5
49225 93740 4.0 3.0
57716 110445 3.5 3.125
11248 88746 3.5 4.0
41267 109374 2.5 2.5
43384 103980 4.0 2.0
128309 115210 3.0 2.5
41613 105954 4.0 4.0
21891 91626 2.0 3.0
138301 93740 3.0 2.5
25676 86880 3.5 3.5
120575 91660 2.5 1.8333333333333333
58426 103228 3.5 4.0
131829 89745 4.0 4.0
60138 96490 3.0 2.5
30507 108932 3.0 3.0
33575 78088 4.0 3.0
113677 103075 1.0 3.0
12100 87192 4.0 4.0
66401 96691 2.5 4.0
19066 86332 2.5 3.5
43661 93512 3.0 3.0
39969 80463 3.5 1.0
43209 85788 4.0 4.0
107278 83910 1.0 2.0
66401 93723 3.5 3.0
66263 114180 4.0 4.0
32341 91658 3.0 3.5
41638 91077 3.0 4.5
47589 98361 4.0 5.0
92085 99305 3.5 3.5
82418 89369 3.5 3.5
58426 104218 2.5 2.8333333333333335
3797 98154 4.0 4.0
70201 95309 3.0 3.5
89299 97921 4.0 3.25
109491 104337 4.0 4.0
22213 89190 3.0 3.0
31181 114007 4.0 3.625
131904 74789 3.0 2.75
76959 87205 0.5 2.75
48909 103107 5.0 5.0
44855 89090 4.0 3.5
97744 80693 4.0 4.0
131904 77206 3.0 3.25
22693 86190 3.0 3.0
82418 109895 3.5 3.0
3397 96588 3.5 1.0
64477 104881 3.5 3.0
71138 97024 3.5 3.5
105889 96917 4.0 4.5
110005 109569 5.0 4.0
14506 85394 4.5 0.5
47439 86142 4.0 4.5
102342 109848 3.0 3.5
131904 103027 3.5 3.0
99871 100737 3.0 4.0
63147 81456 3.0 2.0
129583 78041 4.0 3.5
7036 74795 4.0 3.0
42429 95199 1.5 2.5
42414 75395 4.0 4.25
41638 109895 4.0 3.5
786 80463 3.5 2.0
22901 97024 4.0 4.5
37062 94864 3.5 0.5
10443 100487 3.5 2.5
44855 84954 2.0 0.5
126623 76093 3.5 3.0
17877 91529 4.5 3.0
27469 89386 4.0 2.7
74142 92719 2.0 3.0
104679 97172 3.5 4.5
112415 92259 4.5 3.5
3797 94864 3.0 4.0
11248 106002 3.5 2.0
118106 106766 3.5 3.0
31181 73321 4.5 4.0
11200 100810 4.0 4.0
65409 101864 3.5 3.0
18611 85397 1.0 4.0
33575 74452 3.0 3.5
128309 105197 3.0 2.5
64060 89864 4.0 3.5
138166 92391 3.0 3.5
116287 97950 3.0 3.0
31244 81731 3.0 4.5
71326 75341 3.5 0.5
63902 81845 3.5 4.5
20406 80846 2.0 4.0
79531 85020 2.0 2.0
98420 73929 3.0 3.5
63147 80463 3.5 2.5
34202 96821 5.0 3.0
58426 105468 2.5 3.5
87786 101893 2.0 3.5
101044 103810 3.5 3.5
106989 101415 3.5 2.5
64060 91976 3.0 3.5
117158 82152 3.5 2.5
11200 83374 3.5 3.5
131904 88356 2.5 2.5
107278 80846 4.0 3.0
120575 91535 4.0 2.5
40077 91630 2.5 2.5
44892 110286 2.5 3.0
63880 92507 2.5 3.0
130193 97232 3.0 3.25
11248 88129 3.0 3.0
22693 88977 3.0 3.5
12270 91529 4.0 2.0
11250 77561 3.5 3.75
124431 104374 3.5 3.0
120572 91079 2.5 4.0
52292 91529 3.0 3.5
56847 107069 4.0 3.5
98865 81791 4.0 2.0
18611 102445 4.5 3.0
25676 89260 3.5 3.0
71138 90522 2.5 4.0
53275 112852 4.5 4.5
116361 104283 4.0 5.0
131904 110591 3.5 3.1666666666666665
86529 81257 3.0 3.5
6429 101025 0.5 4.5
18138 78637 3.0 1.5
83680 103137 3.5 3.5
137277 119141 2.5 3.75
98443 101088 3.5 3.5
137277 88744 3.5 3.375
26193 90603 3.5 3.75
66401 76077 3.0 2.0
27469 96606 4.0 3.5
74142 81564 3.0 1.0
61563 86244 4.0 4.0
125165 77866 4.0 3.0
33323 83293 4.0 2.5
9579 108932 3.5 3.5
138166 112623 3.5 4.0
74142 112497 2.0 1.3
17877 79720 3.0 3.25
31589 103810 3.0 3.5
17877 96616 4.5 3.5
42640 109895 4.0 4.0
33119 97938 4.0 4.0
44481 90600 3.5 2.5
969 84189 3.5 4.0
82434 99149 3.5 2.0
137277 81845 3.5 4.0
45039 106920 4.0 2.0
41669 99741 3.0 2.0
107640 103335 3.0 2.0
61923 91485 2.0 1.5
88820 95873 3.0 2.75
81959 94015 3.5 4.0
27482 103984 3.0 3.75
104916 96563 4.0 2.25
23180 86142 3.5 3.0
50687 100553 5.0 4.5
46072 74156 3.5 4.0
76112 91831 3.0 3.5
6881 89745 3.5 3.0
57716 80549 3.0 2.5
58426 111759 3.0 3.25
127453 82459 4.0 2.5
98206 111743 1.0 2.0
102342 89650 4.0 4.5
104916 96737 3.5 3.5
82202 90746 3.0 4.5
26193 80941 2.5 2.25
74142 74530 1.0 1.0
66263 83086 4.0 3.5
40618 79132 2.5 3.75
27469 94864 4.0 4.5
120575 90405 1.5 0.5
58806 85056 3.5 2.5
120575 94266 3.5 2.3333333333333335
56847 89190 3.5 2.6666666666666665
88820 80693 3.0 3.0
44963 88125 3.0 4.0
128309 86642 3.0 2.0
57434 102123 1.0 3.5
81487 100581 4.0 2.5
18115 94841 1.0 4.0
43618 113780 1.0 4.5
31181 85022 3.0 3.25
94976 104631 0.5 3.0
80034 101296 3.0 3.3333333333333335
121930 78499 3.5 2.5
79570 74789 4.0 3.5
28916 96606 4.0 3.0
76751 87232 4.5 4.0
91435 106918 2.5 3.0
25856 88932 3.5 2.5
42229 91974 2.0 2.0
16676 89570 4.5 3.125
81583 90522 2.0 2.0
68026 92152 3.0 4.0
128176 92681 3.0 3.5
98865 93598 2.0 3.5
66401 99415 3.0 3.75
14081 78759 4.5 5.0
81182 94466 4.5 2.25
82418 92904 3.5 3.8333333333333335
131904 112582 4.0 3.125
77297 110127 3.0 4.0
71467 96821 4.0 3.0
28860 97306 4.5 4.0
127755 93272 3.0 3.5
57716 94896 3.5 2.5
34882 105504 4.5 5.0
22025 98154 3.0 2.5
51703 101285 2.0 2.0
15701 80219 3.0 3.5
131904 102819 3.0 2.0
130193 100083 3.0 3.25
910 111622 3.5 4.0
31181 106489 3.5 4.5
128309 87234 2.0 3.75
41638 91500 3.5 3.0
67185 108780 2.0 2.5
40917 97304 4.5 3.5
104916 92058 3.0 4.0
13487 84954 5.0 3.5
82202 116161 1.5 3.0
68026 90719 4.0 2.0
38184 80126 3.0 3.5
57716 84772 2.0 3.3333333333333335
95365 91548 4.0 3.5
97521 104841 4.0 2.0
89299 96861 2.0 3.5
42429 109578 3.0 2.5
64060 91128 4.0 2.0
31589 94780 3.5 3.5
113677 116397 3.0 3.0
32022 95237 4.0 4.0
120133 86911 3.5 4.5
42726 81834 0.5 4.5
104916 86345 4.0 2.8333333333333335
98420 86014 3.5 4.25
120575 115149 4.0 2.6666666666666665
128309 97921 2.0 2.0
40532 113252 3.0 2.0
43661 82093 3.5 3.1666666666666665
12131 74156 3.5 3.0
118106 107883 3.0 3.5
22025 89480 2.0 3.0
135595 95307 4.0 4.0
10443 103624 3.0 0.5
98206 102684 3.5 2.6666666666666665
51703 103655 4.0 1.5
26921 92944 3.0 4.5
82434 85788 3.0 3.5
134773 119139 3.0 4.5
128309 79242 2.5 2.1666666666666665
16676 100810 1.0 3.5
89402 84942 2.0 3.0
81583 101283 2.5 2.0
20180 84770 4.0 3.0
131904 106491 1.0 2.75
99871 101525 2.5 3.25
56847 104419 3.0 3.5
2208 85131 4.0 3.5
131438 77800 3.0 5.0
113957 104337 3.5 3.0
131965 103366 2.5 4.0
66401 102194 4.0 2.5
88463 98124 4.0 1.0
62925 114028 2.0 1.75
11761 79251 3.0 4.5
82714 99957 3.0 4.0
6915 81845 4.0 5.0
28916 85394 4.0 3.0
65409 79702 4.5 3.5
28688 90719 3.0 4.0
112242 80166 3.5 3.0
49208 107702 3.0 1.0
81583 91323 1.5 1.5
114427 81562 4.5 2.0
25856 79134 3.0 3.0
42429 98230 2.0 2.5833333333333335
64110 115122 4.0 5.0
31181 74530 3.0 3.5
52292 88812 3.0 3.3333333333333335
125794 86880 2.5 4.0
41267 108928 3.0 2.25
7036 106839 4.0 3.5
79167 112175 4.0 2.3333333333333335
34202 79091 3.0 3.0
20180 95449 4.0 2.75
97744 86345 3.5 3.5
59971 93721 4.0 3.5
16676 93838 2.0 3.5
118848 79879 3.5 3.5
15701 92694 4.0 3.75
12100 80166 2.5 3.5
23333 88672 3.5 4.0
58426 109487 4.5 2.75
16676 112911 2.0 2.5
137277 76077 3.0 3.0
130193 101106 4.0 3.0
83554 78209 4.0 4.5
79531 81949 2.0 3.0
23180 93164 3.5 4.0
102680 82005 4.0 3.0
99871 89904 3.5 3.0
138301 86898 3.0 2.75
68026 100436 5.0 5.0
107640 86911 3.5 2.0
74142 94018 0.5 0.5
37051 86298 4.5 4.0
16676 88932 1.5 3.75
19566 111661 2.0 1.75
127755 94677 2.5 2.5
137031 86835 3.0 4.0
68026 104339 4.0 2.8333333333333335
26193 114601 2.0 3.5
131904 78467 2.0 2.8333333333333335
64060 115210 4.0 4.5
59909 95167 4.0 4.5
137200 103372 4.0 4.0
74142 92058 0.5 2.2
32899 118702 3.5 3.5
42640 95558 4.5 4.0
131904 80969 3.5 2.25
30507 92234 3.5 3.1666666666666665
131829 86644 4.0 4.0
43384 105213 4.0 2.5
97521 90578 3.5 3.5
101675 102445 4.0 3.75
97410 81270 3.5 3.5
123754 96863 3.5 4.5
64615 97395 4.0 4.0
120575 90719 2.5 3.0
43618 88744 3.5 4.5
59414 88950 2.0 3.5
99871 90600 3.5 3.5
49208 96861 2.5 1.75
129583 96588 4.0 3.5
89402 112911 3.0 3.5
37594 81591 4.0 5.0
66263 108689 3.0 1.75
57716 113573 2.5 2.875
77999 110553 3.0 2.5
134773 74851 4.0 4.0
119048 82459 4.0 0.5
49075 87483 3.0 3.1666666666666665
11248 85881 3.0 2.0
70201 86190 3.0 3.5
41638 103107 4.0 4.0
43384 96829 3.0 2.0
131904 104736 3.0 3.5
12131 112727 2.5 2.9
12131 81817 4.0 2.8333333333333335
123754 86142 4.0 4.0
65409 88129 4.0 3.5
129583 91542 3.5 3.5
131904 101893 3.5 3.0
134497 114028 5.0 4.0
66401 111622 4.0 4.0
57083 86345 4.0 3.5
104679 94677 4.0 4.5
86529 111659 2.0 1.8333333333333333
66401 99145 3.5 2.1666666666666665
31181 88810 3.5 3.5
31181 90474 3.5 3.3333333333333335
52479 80969 4.0 2.0
132953 111362 4.5 3.5
95327 86190 4.0 4.0
66401 114342 3.0 3.5
135780 101142 3.5 5.0
49225 112175 4.0 4.5
126994 95510 3.5 3.0
130193 87194 3.5 3.5
48498 75805 5.0 5.0
40618 97306 3.0 3.5
46072 87192 3.0 4.0
99941 92500 4.0 3.6666666666666665
54465 85022 3.5 4.0
40618 113862 3.5 2.5
48568 99087 4.0 4.666666666666667
43661 94777 3.5 3.0
37072 101112 4.0 4.0
137277 83132 3.5 2.5
51703 82447 2.0 2.5
18115 101088 1.0 3.5
31181 96861 3.5 3.25
63880 88932 3.0 4.0
63880 96121 3.0 3.5
51703 102445 3.5 1.0
131904 93954 3.0 2.875
135828 111617 2.5 2.0
70201 74452 2.5 3.0
67185 87232 4.5 3.5
58426 82461 2.0 3.5
101044 91079 2.0 3.5
57716 86644 2.0 2.8333333333333335
102074 98809 3.5 3.5
76959 102819 2.5 0.5
44855 112556 4.0 4.5
11250 109487 4.0 4.0
6881 89470 3.0 3.0
88870 89470 3.5 3.5
12131 86835 2.0 3.25
57716 90357 3.0 1.0
40618 83613 3.0 3.0
35460 94018 1.0 3.5
44481 87306 2.0 4.0
131904 91548 3.5 3.125
31181 106452 3.0 3.25
37062 97328 2.0 0.5
32094 103727 3.0 4.0
133217 109487 2.0 5.0
95841 101076 0.5 3.0
43246 94939 4.0 3.5
23190 87222 4.0 3.5
71138 94466 4.5 3.5
51703 80398 3.0 2.5
44384 74458 3.5 4.0
49225 85342 4.5 3.0
84716 114180 3.5 3.0
11288 99007 4.0 4.5
129583 88356 3.5 4.0
26193 97913 4.0 3.5
135765 95761 3.5 2.5
59414 75438 3.5 4.0
125794 90350 4.0 3.6666666666666665
101044 103048 3.0 3.25
910 110453 4.5 4.0
70201 106491 3.0 3.0
120575 88129 3.5 1.25
27482 97860 2.0 2.5
30688 79428 3.0 3.0
54486 89190 2.0 4.0
15701 90249 2.5 3.5
136054 91529 3.5 3.5
22693 86882 3.5 0.5
41638 93693 3.0 4.0
59414 96811 3.5 2.75
131904 96079 3.5 3.0
89402 97950 2.5 3.0
6915 92420 4.5 3.0
89299 105869 1.0 3.5
97744 88812 3.0 3.0
28860 90531 4.0 4.0
42229 102880 3.0 2.0
2208 85342 4.0 3.0
59414 94130 3.5 3.1666666666666665
51703 89753 2.5 1.0
23333 93721 3.5 3.0
97744 92264 3.5 4.0
58426 88356 3.0 3.6666666666666665
31589 94677 3.5 3.5
12131 87430 2.5 2.5
76112 86892 5.0 3.5
57716 77800 1.0 3.0
65409 90866 3.5 3.5
30507 88515 3.0 3.5
26193 103107 4.0 4.0
57716 98836 2.5 3.1666666666666665
66401 114180 3.5 2.5
86529 86884 2.5 1.25
81583 95744 2.5 1.0
43246 85885 3.5 3.25
48909 112556 4.5 4.0
4450 106240 2.5 2.5
76751 114265 4.0 3.5
98277 94864 4.0 3.5
9720 94864 3.0 3.0
104345 97225 2.5 3.0
49554 97393 3.0 4.0
76972 86487 4.5 4.0
63880 89047 4.0 3.0
124431 105954 3.5 0.5
51703 78893 0.5 4.0
42429 81562 3.0 2.5
18706 80693 3.0 3.0
34202 81229 1.5 3.0
59447 81083 4.0 4.0
70854 79132 3.5 4.25
41669 97923 3.0 2.5
106989 96655 4.0 4.0
111818 96821 3.5 3.0
22693 73929 0.5 3.5
41638 101612 3.0 3.0
51703 95583 4.0 3.5
112703 93840 4.0 4.5
76819 90890 0.5 4.0
34202 106072 3.0 3.0
102532 117887 4.0 3.5
11248 88163 4.0 2.5
54465 92938 2.5 4.0
74222 85414 3.0 2.0
70201 100390 3.0 3.0
19590 95873 3.0 0.5
6881 86898 3.0 3.5
51703 99117 3.0 1.75
91435 108928 1.5 3.0
63880 81591 3.0 3.5
70936 82459 2.5 2.0
27469 87529 2.0 2.5
48568 99114 4.5 4.25
137277 112175 4.0 3.0
31181 113225 2.5 4.5
31181 104274 2.5 2.75
37062 118900 4.0 0.5
119757 115122 3.0 3.0
138301 73929 1.5 4.0
7784 95510 3.0 2.0
86529 106011 2.5 3.5
101675 88237 4.0 4.25
125794 107406 2.5 4.0
43384 89745 4.0 3.0
119048 105742 2.5 4.166666666666667
86529 102880 1.5 1.5
57166 102125 4.5 4.0
119048 106782 2.5 2.0
18138 88125 4.0 3.0
67185 106785 2.5 4.0
134497 87430 4.0 3.5
63555 93831 3.0 4.0
70201 83910 2.5 3.0
131904 103279 3.5 2.6666666666666665
53275 90405 3.5 4.5
120575 96861 2.5 1.5
138164 79987 3.0 4.5
31589 100507 3.0 3.0
50436 88810 4.0 3.5
42229 89369 2.0 2.5
42229 92439 2.5 2.0
68026 92335 3.5 5.0
25856 80846 3.0 4.5
78484 84613 3.5 3.0
19066 92694 2.5 3.0
40721 103315 4.0 3.0
23334 91077 4.0 3.0
42366 103075 3.0 3.5
120575 81417 1.0 0.5
16676 81229 3.0 4.0
45613 96975 4.0 0.5
63880 81788 3.0 4.0
43246 103335 4.0 4.5
63551 106782 2.0 2.5
90618 96829 4.5 0.5
88870 110102 4.0 3.5
97744 100714 4.5 3.0
910 89523 5.0 4.5
66401 89305 3.5 3.4
37253 81591 1.5 0.5
66401 109191 3.5 3.25
105580 88140 2.0 1.0
31181 85438 3.0 3.0
85381 106489 4.0 4.5
81583 93242 1.5 2.0
137301 96610 3.5 3.0
66401 103339 3.5 2.0
71407 79132 3.5 4.0
43384 102160 1.5 2.8333333333333335
86529 101142 1.5 3.0
42640 114847 3.5 4.0
6429 102991 3.0 2.75
66401 111249 5.0 3.75
112418 90428 3.5 3.0
50436 82095 3.0 3.75
81182 91325 3.5 3.5
7036 79293 4.5 3.0
10021 95067 4.0 4.25
57434 101741 4.0 3.75
86529 84637 1.5 2.0
120572 90746 4.0 4.0
71138 100498 2.0 4.0
137277 98604 3.5 2.5
20180 96861 3.0 3.5
70201 88746 3.5 3.25
137277 114935 3.5 4.5
89799 81456 2.5 4.0
21301 111251 3.5 3.5
123754 118924 4.5 0.5
105580 86880 2.0 1.0
82418 87869 4.0 3.0
86529 115569 3.5 2.5
109843 84273 3.0 2.5
110507 109487 3.0 4.0
116361 81932 3.0 2.0
10788 82244 3.5 3.0
120572 93954 4.0 3.25
59414 90870 3.5 3.125
42229 79592 2.5 2.0
7754 91529 3.5 5.0
43618 114713 0.5 3.5
57716 97921 3.0 2.5
76959 96911 0.5 0.5
3797 114795 1.5 3.5
48816 104841 4.0 4.0
125794 78633 3.5 3.125
18138 78469 3.0 1.5
74142 79185 1.0 0.5
137277 116799 3.5 3.0
57716 90428 4.0 2.0
63880 118898 4.0 3.5
24952 96737 2.0 4.5
62897 91529 4.5 4.0
51703 80551 1.5 3.5
129583 106489 4.5 3.0
49225 94466 3.5 4.5
63046 76093 3.5 3.5
66401 87520 2.0 2.5
16676 99910 3.0 3.1666666666666665
7784 89761 2.5 3.0
81583 77866 2.0 2.5
131904 111249 3.5 3.0
63046 97923 4.0 3.5
131904 116397 3.0 3.0
16676 86320 1.0 4.0
65409 89774 4.0 2.5
79570 85056 3.0 3.5
74142 76077 4.0 1.5
105580 81788 2.5 2.0
43661 82459 3.5 3.0
63555 89745 3.5 4.0
133040 96863 3.5 3.0
28860 91094 4.5 4.0
128309 77667 2.0 2.6666666666666665
27469 103253 3.0 4.0
102342 91571 3.5 4.0
134497 96751 4.0 4.0
103016 98585 3.5 4.0
66263 88380 3.0 3.5
57434 103483 3.5 4.25
65117 86642 2.0 5.0
58426 103141 3.5 3.75
120575 79879 2.0 2.0
14506 88812 2.5 4.5
104345 89900 3.5 2.0
88820 80939 3.5 2.5
18706 111235 4.0 2.75
34882 96110 4.0 5.0
82418 109740 3.5 3.0
42229 97057 2.5 3.0
29549 85414 3.5 4.0
120575 83910 2.5 2.2
99871 101106 4.0 1.5
43384 105468 3.0 2.0
120524 81845 1.0 0.5
27469 84395 3.0 4.0
137277 103048 3.5 3.0
82418 86298 3.0 3.0
58426 92944 2.5 3.6875
11248 80775 3.0 2.5
10514 92535 3.0 3.5
57716 91529 2.0 2.25
42429 111759 3.5 2.0
60138 93563 3.0 3.0
10514 90717 3.0 2.5
125794 87079 3.5 3.6666666666666665
74142 77421 1.0 0.5
50441 82242 4.0 4.5
27469 88812 1.5 2.5
43661 96314 4.0 4.0
27482 105037 1.5 4.0
115164 108928 3.0 4.0
16676 81257 3.5 4.0
16676 80463 4.0 3.5
59414 96964 2.0 3.5
47439 88744 3.5 3.5
41267 79592 4.0 2.5
120575 79293 3.0 2.5
32094 103980 3.5 3.25
47589 89804 4.5 5.0
41638 79132 3.0 2.0
52479 81731 3.5 3.5
120575 83613 3.0 1.75
41079 90378 4.0 3.5
74142 79702 4.0 0.5
18706 89490 2.0 2.5
31181 103228 4.0 2.5
72715 86880 2.0 3.5
40077 77455 3.0 4.0
969 88125 3.5 4.0
20180 89846 4.0 2.0
56480 103341 3.5 0.5
117158 94777 3.5 4.0
42228 85401 3.0 3.25
57716 101973 3.0 2.5
130193 82378 3.0 3.5
16676 96751 3.0 3.0
26193 96314 2.0 1.75
11761 77800 3.5 3.0
4745 102753 3.5 4.0
102342 109187 4.0 3.75
88870 112183 4.0 3.5
47439 78034 4.0 5.0
36725 112818 4.0 4.0
28688 113705 4.5 2.6666666666666665
47635 76093 4.0 4.0
57716 95135 2.0 3.0
57716 112421 4.0 2.75
79167 104841 4.0 3.0
101044 87522 3.0 3.25
24981 88810 2.5 4.0
30507 79796 3.0 4.0
80989 77455 0.5 1.25
59414 96829 4.0 2.875
108187 113207 3.5 2.5
40779 92719 2.0 3.0
97521 111384 2.5 3.0
13487 78772 3.0 4.0
112242 101525 4.0 3.0
31181 101285 2.5 3.0
40216 90578 2.0 1.0
137277 103810 3.0 3.5
51703 101088 1.5 3.5
28860 103596 3.5 4.0
59414 90430 4.0 3.75
131904 81845 3.5 3.125
81182 87298 2.0 3.0
27482 81641 3.5 3.5
74142 110882 3.0 1.0
112418 111659 3.5 2.5
115926 84304 1.5 4.0
63880 112582 3.5 3.0
81583 98230 3.5 2.0
42229 81847 3.5 2.0
43661 112316 3.0 3.0
74142 103659 5.0 2.1666666666666665
64060 81512 4.0 4.0
63046 109864 2.5 3.75
14992 101137 4.0 3.5
17877 107348 2.0 3.0
79570 80860 3.0 3.5
48568 92335 4.0 4.5
48568 108156 4.0 4.5
131904 84980 3.0 3.2
66401 120466 3.5 3.5
87573 84273 3.0 3.25
32341 103249 3.0 3.5
120575 85796 1.0 1.0
18706 90430 4.0 3.5
27469 89102 2.5 3.5
51703 85131 4.0 4.0
36308 102720 3.5 3.0
50367 93980 4.0 2.1666666666666665
44963 111362 4.0 4.0
56961 82093 2.5 4.0
74142 107141 1.0 1.8333333333333333
40618 86190 3.5 3.5
98206 107348 2.5 3.25
63880 103042 0.5 4.0
32341 79796 2.5 3.0
80479 85881 4.0 4.0
107640 76175 3.5 3.5
131965 104129 1.5 2.8333333333333335
52479 104241 3.0 3.5
79570 87485 3.0 3.5
101675 101283 4.0 3.75
77204 105593 5.0 0.5
80989 73321 3.0 2.0
76959 80489 2.0 0.5
43384 103027 3.5 2.75
117158 78174 3.5 4.0
41267 86835 3.0 3.0
109009 73319 4.0 5.0
74142 89480 0.5 0.5
103016 96655 4.0 4.0
57345 110655 5.0 4.0
86952 97024 4.0 2.5
30507 94677 3.0 3.5
51703 115210 3.5 1.5
56847 109578 4.0 3.5
10514 112183 4.5 1.5
129802 100383 3.0 3.0
16676 100714 2.0 3.0
40779 110730 2.5 3.0
80034 96991 2.5 2.75
16676 85342 4.0 3.0
74142 97923 2.0 1.6666666666666667
50367 91660 2.5 1.0
12100 96610 4.0 4.5
20117 87298 4.0 4.0
32341 107406 4.0 3.5
48568 86852 4.5 4.0
58426 95720 3.5 2.75
16676 103980 2.0 2.5
120572 106489 3.5 3.5
28688 112515 4.5 3.5
50211 104243 3.0 4.5
121374 97306 4.0 4.5
843 97304 3.5 1.0
89402 101076 3.0 3.5
18706 99117 3.5 3.5
128309 104137 3.5 2.5
31181 89085 4.0 2.5
969 93790 4.5 3.5
44172 78041 2.5 2.5
74142 83086 0.5 1.25
40779 100507 2.0 2.5
61728 103335 4.5 3.5
128309 74458 3.5 2.75
130193 91529 3.5 3.5
43384 74458 1.5 3.0
12100 103341 4.0 4.5
70201 89846 3.0 3.0
74142 81641 0.5 0.5
80989 111113 0.5 3.0
79531 79428 2.0 3.0
6881 100714 4.0 2.0
32094 104374 4.0 3.0
79570 81782 4.0 4.0
123260 100390 1.5 2.5
125794 82447 3.0 4.0
67185 96616 2.5 2.0
85190 89039 3.5 2.5
40779 88129 4.5 1.5
28688 96911 4.0 1.0
4450 81562 3.0 2.75
101044 92439 3.0 3.5
66401 101362 3.5 2.75
70201 89356 3.5 3.0
60138 91976 3.5 3.0
117158 96448 2.0 4.0
58426 98243 3.0 3.0
81114 106002 1.0 3.5
59407 86835 3.0 3.0
7036 96417 3.5 1.5
11248 105585 3.5 3.1666666666666665
129583 78517 4.0 4.0
90618 102880 0.5 0.5
127121 84637 3.5 4.0
128176 111759 4.0 3.5
34882 96417 4.0 5.0
43209 108928 3.5 3.75
37062 115231 2.5 0.5
131904 109374 3.5 2.75
63551 99813 4.0 2.5
41267 100810 3.5 3.5
74142 112852 3.5 0.5
41638 96606 5.0 3.5
79437 97230 3.5 4.0
68026 91542 5.0 1.5
82418 80551 2.5 4.0
31589 107069 3.0 3.5
21301 77364 1.0 4.0
61308 91671 3.0 3.0
120575 101283 2.5 1.5
136946 107980 5.0 4.5
11250 106920 5.0 4.0
18611 93563 2.0 3.0
91572 86000 4.0 4.5
74142 106100 1.0 1.2
66263 104245 3.5 4.0
94976 111759 1.5 1.0
40764 100553 4.0 3.6666666666666665
80034 87304 3.5 3.5
16676 118696 3.0 3.3333333333333335
30507 110453 4.0 2.5
112418 78574 3.5 4.0
25737 74685 5.0 5.0
88463 93287 1.0 4.0
35705 83293 4.0 4.0
15701 94015 2.0 3.3333333333333335
41613 81751 4.0 4.0
28688 104457 4.0 3.25
18115 103249 3.5 5.0
137277 85342 4.0 4.0
33257 85438 3.0 0.5
128309 109848 2.0 3.0
66533 89470 5.0 5.0
102954 79695 4.0 5.0
12131 85213 3.0 2.5
89299 103339 3.0 3.0
102680 99795 4.0 3.0
101044 92048 2.5 2.5
107640 102991 0.5 3.3
60138 88140 3.5 2.5
56847 105504 4.0 5.0
43661 96588 3.5 3.5
34882 117881 2.5 3.5
98206 102033 2.0 3.5
57434 82447 3.5 3.75
42640 112370 3.0 4.0
20180 92008 2.5 2.0
110706 81845 3.5 3.0
30507 93242 3.0 3.25
76959 89570 1.0 4.5
101044 90476 3.5 2.5
99871 73929 2.5 4.0
50436 89118 4.0 3.5
25002 91542 4.0 2.5
63880 80489 4.0 0.5
125794 84615 4.0 4.5
57727 75395 2.5 3.0
42429 106540 2.5 3.0
123754 79132 4.5 4.0
28688 115170 3.5 2.0
10781 89759 4.0 4.0
113209 110553 3.5 2.0
123754 103984 5.0 5.0
41267 116823 3.0 3.25
44481 82461 4.0 4.0
97744 114707 3.5 4.0
82418 98491 4.0 3.6666666666666665
26193 95218 4.0 3.3
34882 96367 3.5 4.0
49554 87234 3.5 2.5
52292 86892 4.0 2.6666666666666665
54465 91485 3.5 4.0
57727 85025 2.5 2.5
6429 111759 4.5 5.0
127453 87306 4.0 2.0
59414 89085 3.0 3.1666666666666665
66401 76293 2.5 2.5
57716 80831 2.5 3.0
112415 113225 3.5 3.5
107866 87232 3.5 3.0
843 104303 1.5 1.0
63046 101112 3.5 2.5
14023 96563 4.0 2.25
51703 77191 1.5 2.0
82434 98604 3.5 2.75
134773 97752 2.5 1.5
12131 93838 3.0 3.0
49075 90603 3.0 3.5
66263 92904 3.0 3.5
